SAFE
x0 = [30,30]
x1 = [1.4,1.4]
x5 = [-23.792126,30.200005]
x2-x3 = [78.999985,199.873413]
x4-x5 = [1.800007,46.760857]
layer=4
